p cnf 258 135
-120 -154 0
-120 -156 0
-120 -122 0
154 120 0
-154 -156 0
-154 -120 0
-222 -256 0
-222 -258 0
-222 -224 0
256 222 0
-256 -258 0
-256 -222 0
122 120 0
156 120 0
156 154 0
224 222 0
258 222 0
258 256 0
-20 -54 0
-20 -56 0
-20 -92 0
54 20 0
-54 -90 0
-54 -56 0
-54 -20 0
-122 -156 0
-122 -120 0
156 122 0
-156 -122 0
-156 -120 0
-156 -154 0
-224 -258 0
-224 -222 0
258 224 0
-258 -224 0
-258 -222 0
-258 -256 0
56 92 20 0
56 54 0
90 54 0
158 190 0
-56 -90 0
-56 -92 0
-56 -20 0
-56 -54 0
90 56 0
-90 -92 0
-90 -94 0
-90 -56 0
-90 -54 0
-192 -194 0
-192 -196 0
-192 -198 0
92 56 20 0
92 94 90 0
92 124 0
194 196 198 192 0
-92 -126 0
-92 -94 0
-92 -56 0
-92 -20 0
-92 -90 0
126 92 0
-126 -128 0
-126 -94 0
-126 -92 0
-194 -196 0
-194 -198 0
-194 -192 0
94 92 90 0
94 126 0
128 126 0
128 160 0
196 198 194 192 0
196 228 0
-94 -128 0
-94 -162 0
-94 -196 0
-94 -230 0
-94 -92 0
-94 -90 0
-94 -126 0
128 162 196 230 94 0
-128 -162 0
-128 -196 0
-128 -230 0
-128 -94 0
-128 -126 0
162 196 230 128 94 0
-162 -196 0
-162 -230 0
-162 -128 0
-162 -94 0
196 230 162 128 94 0
-196 -230 0
-196 -198 0
-196 -162 0
-196 -128 0
-196 -94 0
-196 -194 0
-196 -192 0
230 196 162 128 94 0
-230 -196 0
-230 -162 0
-230 -128 0
-230 -94 0
164 196 0
198 196 194 192 0
-198 -196 0
-198 -194 0
-198 -192 0
-30 -64 0
-30 -66 0
-30 -32 0
64 30 0
-64 -66 0
-64 -30 0
-132 -166 0
-132 -168 0
166 132 0
-166 -168 0
-166 -132 0
32 30 0
66 30 0
66 64 0
168 132 0
168 166 0
-32 -66 0
-32 -30 0
66 32 0
-66 -32 0
-66 -30 0
-66 -64 0
-168 -132 0
-168 -166 0
